raw,trigeff scaled, and total scaled yields (and scale factors) for bkg muon events from simulation in the target wness region (wness>.92)
     process         arm      charge      rawyld  trigscayld    #genevts    xsection   dimuonfac   totsclfac   totscayld
          dy           0           0           3     0.82164   5.842e+07    5.32e+07         1.4    0.207628    0.170595
          dy           0           1           2     0.58597   5.842e+07    5.32e+07         1.4    0.207628    0.121664
          dy           1           0           0           0   5.842e+07    5.32e+07         1.4    0.207628           0
          dy           1           1           0           0   5.842e+07    5.32e+07         1.4    0.207628           0
       light           0           0           1        -nan  7.3515e+06    5.94e+10         1.4           0           0
       light           0           1           2        -nan  7.3515e+06    5.94e+10         1.4           0           0
       light           1           0           0        -nan  7.3515e+06    5.94e+10         1.4           0           0
       light           1           1           3        -nan  7.3515e+06    5.94e+10         1.4           0           0
       onium           0           0        1589     451.955  1.5042e+08    1.35e+08         1.3    0.190011     85.8764
       onium           0           1        1744     452.422  1.5042e+08    1.35e+08         1.3    0.190011     85.9651
       onium           1           0         896     286.396  1.5042e+08    1.35e+08         1.3    0.190011     54.4183
       onium           1           1         911     268.212  1.5042e+08    1.35e+08         1.3    0.190011     50.9632
       onlyz           0           0      237431     65001.1      173100        -337         2.2-0.000697529    -45.3401
       onlyz           0           1      210641     57132.6      173100        -337         2.2-0.000697529    -39.8517
       onlyz           1           0      184694     62713.7      173100        -337         2.2-0.000697529    -43.7447
       onlyz           1           1      162896       51034      173100        -337         2.2-0.000697529    -35.5977
  openbottom           0           0        1381     383.909   7.363e+06     7.3e+06        0.77    0.124327     47.7302
  openbottom           0           1        1382     367.539   7.363e+06     7.3e+06        0.77    0.124327      45.695
  openbottom           1           0         779     259.451   7.363e+06     7.3e+06        0.77    0.124327     32.2568
  openbottom           1           1         784     241.374   7.363e+06     7.3e+06        0.77    0.124327     30.0093
   opencharm           0           0         556     152.542  5.8494e+08    5.71e+08         3.4    0.540518     82.4516
   opencharm           0           1         436     111.217  5.8494e+08    5.71e+08         3.4    0.540518      60.115
   opencharm           1           0         343     110.158  5.8494e+08    5.71e+08         3.4    0.540518     59.5424
   opencharm           1           1         252     72.6177  5.8494e+08    5.71e+08         3.4    0.540518     39.2512
        whad           0           0         286     80.2969      342000        1660           1 0.000790476   0.0634728
        whad           0           1        2781     786.493      342000        1660           1 0.000790476    0.621704
        whad           1           0         154     59.9446      342000        1660           1 0.000790476   0.0473848
        whad           1           1        1726     568.577      342000        1660           1 0.000790476    0.449447
        wtau           0           0       16532        4540      343000        1660           1 0.000788172      3.5783
        wtau           0           1       15438     4451.07      343000        1660           1 0.000788172     3.50821
        wtau           1           0       12107     4225.68      343000        1660           1 0.000788172     3.33056
        wtau           1           1       11112     3812.97      343000        1660           1 0.000788172     3.00527
           z           0           0       15854     4351.82      292900       15900         2.2   0.0194494     84.6405
           z           0           1       16379     4373.23      292900       15900         2.2   0.0194494     85.0569
           z           1           0       11394     3826.29      292900       15900         2.2   0.0194494     74.4193
           z           1           1       12076     3709.88      292900       15900         2.2   0.0194494     72.1551
