raw,trigeff scaled, and total scaled yields (and scale factors) for bkg muon events from simulation in the target wness region (wness>.92)
     process         arm      charge      rawyld  trigscayld    #genevts    xsection   dimuonfac   totsclfac   totscayld
          dy           0           0           3     0.82622   5.842e+07    5.32e+07         1.4    0.207628    0.171546
          dy           0           1           2     0.59178   5.842e+07    5.32e+07         1.4    0.207628     0.12287
          dy           1           0           0           0   5.842e+07    5.32e+07         1.4    0.207628           0
          dy           1           1           0           0   5.842e+07    5.32e+07         1.4    0.207628           0
       light           0           0           1        -nan  7.3515e+06    5.94e+10         1.4           0           0
       light           0           1           2        -nan  7.3515e+06    5.94e+10         1.4           0           0
       light           1           0           0        -nan  7.3515e+06    5.94e+10         1.4           0           0
       light           1           1           3        -nan  7.3515e+06    5.94e+10         1.4           0           0
       onium           0           0        1589     455.956  1.5042e+08    1.35e+08         1.3    0.190011     86.6366
       onium           0           1        1744     457.292  1.5042e+08    1.35e+08         1.3    0.190011     86.8905
       onium           1           0         896     282.704  1.5042e+08    1.35e+08         1.3    0.190011     53.7168
       onium           1           1         911     270.674  1.5042e+08    1.35e+08         1.3    0.190011      51.431
       onlyz           0           0      237431     65852.8      173100        -337         2.2-0.000697529    -45.9342
       onlyz           0           1      210641     57753.3      173100        -337         2.2-0.000697529    -40.2846
       onlyz           1           0      184694     61767.6      173100        -337         2.2-0.000697529    -43.0847
       onlyz           1           1      162896     51413.3      173100        -337         2.2-0.000697529    -35.8623
  openbottom           0           0        1381     388.331   7.363e+06     7.3e+06        0.77    0.124327       48.28
  openbottom           0           1        1382     371.445   7.363e+06     7.3e+06        0.77    0.124327     46.1806
  openbottom           1           0         779     255.979   7.363e+06     7.3e+06        0.77    0.124327     31.8251
  openbottom           1           1         784     243.313   7.363e+06     7.3e+06        0.77    0.124327     30.2503
   opencharm           0           0         556     153.994  5.8494e+08    5.71e+08         3.4    0.540518     83.2366
   opencharm           0           1         436     112.549  5.8494e+08    5.71e+08         3.4    0.540518     60.8347
   opencharm           1           0         343      108.84  5.8494e+08    5.71e+08         3.4    0.540518     58.8301
   opencharm           1           1         252     73.2727  5.8494e+08    5.71e+08         3.4    0.540518     39.6053
        whad           0           0         286     81.5954      342000        1660           1 0.000790476   0.0644993
        whad           0           1        2781     793.543      342000        1660           1 0.000790476    0.627277
        whad           1           0         154     59.1289      342000        1660           1 0.000790476     0.04674
        whad           1           1        1726     572.125      342000        1660           1 0.000790476    0.452252
        wtau           0           0       16532     4605.16      343000        1660           1 0.000788172     3.62966
        wtau           0           1       15438     4490.23      343000        1660           1 0.000788172     3.53908
        wtau           1           0       12107     4158.38      343000        1660           1 0.000788172     3.27752
        wtau           1           1       11112     3834.04      343000        1660           1 0.000788172     3.02188
           z           0           0       15854     4405.91      292900       15900         2.2   0.0194494     85.6924
           z           0           1       16379      4421.8      292900       15900         2.2   0.0194494     86.0016
           z           1           0       11394     3770.04      292900       15900         2.2   0.0194494     73.3253
           z           1           1       12076     3740.29      292900       15900         2.2   0.0194494     72.7466
