386825 
387247 
387557
387558 
387713
388264
390038 
391170 
391288
391289
391290
391291
391292
391293
391294
391295
391296 
391818
391868 
391869 
391870 
391871  
391872
391873
391874
391875
391876 
391966
391967
391968
391969
391970
392096
392097
392098
392099
392100 
392218
392219
392220
392221
392222
392223 
393164  
393167 
393175
393176
393177 
393178 
393179 
393180
393798 
394389
394390
394391 
394525
394528
394531
395399
395775
396785
396890 
397207 
398005 
398007 
398009
398010
398011 
398012
398013
398014
398017
398018
398019 
398020
398026 
398027
398028
398029
398030
398031
398119
398120
398122
398123 
398124 
398125 
398129 
398130
398131 
398133 
398134 
398137 
398138 
398139 
398140 
398142 
398144 
398145 
398146 
398147 
398148 
398149

